20221231|1020003|99|-|PEN|535.80|0.00|1|
20221231|1010003|99|-|PEN|250.00|0.00|1|
20221231|1020002|99|-|PEN|60.65|0.00|1|
20221231|1041002|02|191-1913147-1-26|USD|1434648.54|0.00|1|
20221231|1041001|02|191-1720512-0-08|PEN|399764.88|0.00|1|
20221231|1041003|11|0011-0312-02-00271463|PEN|297759.69|0.00|1|
20221231|1041004|38|007000556315|PEN|171461.21|0.00|1|
20221231|1041005|38|007000541024|USD|1333679.34|0.00|1|
20221231|1071001|18|00-051-176111|PEN|4554.00|0.00|1|
20221231|1010001|99|-|PEN|5317.00|0.00|1|
20221231|1020001|99|-|PEN|1042.94|0.00|1|
