20231200|1010004||||544.70|44.70|1|
20231200|1020003||||31391.76|31146.01|1|
20231200|1010005||||73168.40|73168.10|1|
20231200|1010003||||553670.75|553419.80|1|
20231200|1010001||||12736.00|12636.00|1|
20231200|1020001||||83092.94|82511.94|1|
20231200|1020002||||3260.65|2964.17|1|
20231200|1041002|02|191-1913147-1-26|USD|18248702.34|16139144.10|1|
20231200|1010008||||295849.90|295599.90|1|
20231200|1041001|02|191-1720512-0-08||28159342.45|26838671.89|1|
20231200|1010009||||366443.20|366443.20|1|
20231200|1041003|11|0011-0312-02-00271463||3965239.19|3801012.68|1|
20231200|1041004|38|007000556315||7751482.03|7678238.17|1|
20231200|1010012||||220.00|220.00|1|
20231200|1071001|18|00-051-176111||5366.00|5211.00|1|
20231200|1041005|38|007000541024|USD|17232195.55|16608567.76|1|
20231200|1051001||||33894669.00|33894668.98|1|
20231200|1031004||||0.00|0.00|1|
20231200|1010010||||21633.70|21633.70|1|
