20221231|1010004||||30936.50|30936.50|1|
20221231|1020003||||11639.00|11103.20|1|
20221231|1010005||||24343.75|24343.75|1|
20221231|1010007|||USD|2672.37|2672.37|1|
20221231|1010003||||786885.50|786635.50|1|
20221231|1010002||||17432.00|17432.00|1|
20221231|1010001||||3504837.62|3499520.62|1|
20221231|1020001||||54825.80|53782.86|1|
20221231|1020002||||6000.00|5939.35|1|
20221231|1041002|02|191-1913147-1-26|USD|6006218.98|4571570.44|1|
20221231|1041001|02|191-1720512-0-08||21814686.13|21414921.25|1|
20221231|1041003|11|0011-0312-02-00271463||3055446.46|2757686.77|1|
20221231|1041004|38|007000556315||15099615.81|14928154.60|1|
20221231|1071001|18|00-051-176111||5625.00|1071.00|1|
20221231|1041005|38|007000541024|USD|11259560.35|9925881.01|1|
20221231|1051001||||37642784.40|37642784.40|1|
20221231|1031004||||900.00|900.00|1|
